#Layer_Color=9474304
#
#Feature symbol names
#
$0 r5

#
#Feature attribute names
#

#
#Layer features
#
L 0.019622 0.3700787 0.027622 0.3700787 0 P 0
L 0.019622 0.4685039 0.027622 0.4685039 0 P 0
L 0.019622 0.5669291 0.027622 0.5669291 0 P 0
L 0.019622 1.480315 0.027622 1.480315 0 P 0
L 0.019622 1.5787402 0.027622 1.5787402 0 P 0
L 0.019622 1.6771654 0.027622 1.6771654 0 P 0
L 0.023622 0.3660787 0.023622 0.3740787 0 P 0
L 0.023622 0.4645039 0.023622 0.4725039 0 P 0
L 0.023622 0.5629291 0.023622 0.5709291 0 P 0
L 0.023622 1.476315 0.023622 1.484315 0 P 0
L 0.023622 1.5747402 0.023622 1.5827402 0 P 0
L 0.023622 1.6731654 0.023622 1.6811654 0 P 0
L 0.0318504 0.085 0.1381496 0.085 0 P 0
L 0.0318504 2.67 0.1381496 2.67 0 P 0
L 0.085 0.0318504 0.085 0.1381496 0 P 0
L 0.085 2.6168504 0.085 2.7231496 0 P 0
L 0.1180472 0.5669291 0.1260472 0.5669291 0 P 0
L 0.1180472 1.480315 0.1260472 1.480315 0 P 0
L 0.1220472 0.5629291 0.1220472 0.5709291 0 P 0
L 0.1220472 1.476315 0.1220472 1.484315 0 P 0
L 0.126 2.475 0.134 2.475 0 P 0
L 0.13 2.471 0.13 2.479 0 P 0
L 0.146 1.98 0.154 1.98 0 P 0
L 0.146 2.06 0.154 2.06 0 P 0
L 0.146 2.14 0.154 2.14 0 P 0
L 0.15 1.976 0.15 1.984 0 P 0
L 0.15 2.056 0.15 2.064 0 P 0
L 0.15 2.136 0.15 2.144 0 P 0
L 0.186 1.92 0.194 1.92 0 P 0
L 0.186 2.21 0.194 2.21 0 P 0
L 0.186 2.38 0.194 2.38 0 P 0
L 0.186 2.61 0.194 2.61 0 P 0
L 0.19 1.916 0.19 1.924 0 P 0
L 0.19 2.206 0.19 2.214 0 P 0
L 0.19 2.376 0.19 2.384 0 P 0
L 0.19 2.606 0.19 2.614 0 P 0
L 0.2164724 0.5669291 0.2244724 0.5669291 0 P 0
L 0.2164724 1.480315 0.2244724 1.480315 0 P 0
L 0.2204724 0.5629291 0.2204724 0.5709291 0 P 0
L 0.2204724 1.476315 0.2204724 1.484315 0 P 0
L 0.226 1.98 0.234 1.98 0 P 0
L 0.226 2.06 0.234 2.06 0 P 0
L 0.226 2.14 0.234 2.14 0 P 0
L 0.23 1.976 0.23 1.984 0 P 0
L 0.23 2.056 0.23 2.064 0 P 0
L 0.23 2.136 0.23 2.144 0 P 0
L 0.246 2.475 0.254 2.475 0 P 0
L 0.25 2.471 0.25 2.479 0 P 0
L 0.2558425 0.6338583 0.2638425 0.6338583 0 P 0
L 0.2558425 0.7322835 0.2638425 0.7322835 0 P 0
L 0.2558425 0.8307087 0.2638425 0.8307087 0 P 0
L 0.2558425 0.9291339 0.2638425 0.9291339 0 P 0
L 0.2558425 1.0275591 0.2638425 1.0275591 0 P 0
L 0.2558425 1.1259843 0.2638425 1.1259843 0 P 0
L 0.2558425 1.2244095 0.2638425 1.2244095 0 P 0
L 0.2558425 1.3228347 0.2638425 1.3228347 0 P 0
L 0.2558425 1.4212599 0.2638425 1.4212599 0 P 0
L 0.2598425 0.6298583 0.2598425 0.6378583 0 P 0
L 0.2598425 0.7282835 0.2598425 0.7362835 0 P 0
L 0.2598425 0.8267087 0.2598425 0.8347087 0 P 0
L 0.2598425 0.9251339 0.2598425 0.9331339 0 P 0
L 0.2598425 1.0235591 0.2598425 1.0315591 0 P 0
L 0.2598425 1.1219843 0.2598425 1.1299843 0 P 0
L 0.2598425 1.2204095 0.2598425 1.2284095 0 P 0
L 0.2598425 1.3188347 0.2598425 1.3268347 0 P 0
L 0.2598425 1.4172599 0.2598425 1.4252599 0 P 0
L 0.282378 2.188504 0.290378 2.188504 0 P 0
L 0.286378 2.184504 0.286378 2.192504 0 P 0
L 0.354 1.345 0.362 1.345 0 P 0
L 0.358 1.341 0.358 1.349 0 P 0
L 0.377 0.705 0.385 0.705 0 P 0
L 0.381 0.701 0.381 0.709 0 P 0
L 0.381 2.1 0.389 2.1 0 P 0
L 0.382 2.008 0.39 2.008 0 P 0
L 0.385 2.096 0.385 2.104 0 P 0
L 0.386 2.004 0.386 2.012 0 P 0
L 0.435126 1.066126 0.443126 1.066126 0 P 0
L 0.436 0.98 0.444 0.98 0 P 0
L 0.436 1.9137184 0.444 1.9137184 0 P 0
L 0.439126 1.062126 0.439126 1.070126 0 P 0
L 0.44 0.976 0.44 0.984 0 P 0
L 0.44 1.9097184 0.44 1.9177184 0 P 0
L 0.496 0.32 0.504 0.32 0 P 0
L 0.496 0.41 0.504 0.41 0 P 0
L 0.496 0.52 0.504 0.52 0 P 0
L 0.496 0.67 0.504 0.67 0 P 0
L 0.5 0.316 0.5 0.324 0 P 0
L 0.5 0.406 0.5 0.414 0 P 0
L 0.5 0.516 0.5 0.524 0 P 0
L 0.5 0.666 0.5 0.674 0 P 0
L 0.522378 2.0035669 0.530252 2.0035669 0 P 0
L 0.522378 2.039 0.530252 2.039 0 P 0
L 0.522378 2.0744331 0.530252 2.0744331 0 P 0
L 0.526315 1.9996299 0.526315 2.0075039 0 P 0
L 0.526315 2.035063 0.526315 2.042937 0 P 0
L 0.526315 2.0704961 0.526315 2.0783701 0 P 0
L 0.561748 2.0035669 0.569622 2.0035669 0 P 0
L 0.561748 2.039 0.569622 2.039 0 P 0
L 0.561748 2.0744331 0.569622 2.0744331 0 P 0
L 0.565685 1.9996299 0.565685 2.0075039 0 P 0
L 0.565685 2.035063 0.565685 2.042937 0 P 0
L 0.565685 2.0704961 0.565685 2.0783701 0 P 0
L 0.59 0.23 0.64 0.23 0 P 0
L 0.615 0.205 0.615 0.255 0 P 0
L 0.616 0.5712598 0.624 0.5712598 0 P 0
L 0.62 0.5672598 0.62 0.5752598 0 P 0
L 0.635 2.004 0.643 2.004 0 P 0
L 0.639 2 0.639 2.008 0 P 0
L 0.675874 1.066126 0.683874 1.066126 0 P 0
L 0.676 0.9802205 0.684 0.9802205 0 P 0
L 0.676 1.565 0.684 1.565 0 P 0
L 0.679874 1.062126 0.679874 1.070126 0 P 0
L 0.68 0.9762205 0.68 0.9842205 0 P 0
L 0.68 1.561 0.68 1.569 0 P 0
L 0.684 0.59 0.692 0.59 0 P 0
L 0.688 0.586 0.688 0.594 0 P 0
L 0.69 0.23 0.74 0.23 0 P 0
L 0.715 0.205 0.715 0.255 0 P 0
L 0.721 2.188 0.729 2.188 0 P 0
L 0.725 2.184 0.725 2.192 0 P 0
L 0.726 1.49 0.734 1.49 0 P 0
L 0.726 1.62 0.734 1.62 0 P 0
L 0.726 1.74 0.734 1.74 0 P 0
L 0.73 1.486 0.73 1.494 0 P 0
L 0.73 1.616 0.73 1.624 0 P 0
L 0.73 1.736 0.73 1.744 0 P 0
L 0.776 1.76 0.784 1.76 0 P 0
L 0.779 0.705 0.787 0.705 0 P 0
L 0.779 1.345 0.787 1.345 0 P 0
L 0.78 1.756 0.78 1.764 0 P 0
L 0.783 0.701 0.783 0.709 0 P 0
L 0.783 1.341 0.783 1.349 0 P 0
L 0.786 2.27 0.794 2.27 0 P 0
L 0.786 2.45 0.794 2.45 0 P 0
L 0.79 0.23 0.84 0.23 0 P 0
L 0.79 2.266 0.79 2.274 0 P 0
L 0.79 2.446 0.79 2.454 0 P 0
L 0.815 0.205 0.815 0.255 0 P 0
L 0.82 1.69 0.828 1.69 0 P 0
L 0.824 1.686 0.824 1.694 0 P 0
L 0.826 1.435 0.834 1.435 0 P 0
L 0.8262558 0.68 0.8342558 0.68 0 P 0
L 0.83 1.431 0.83 1.439 0 P 0
L 0.8302558 0.676 0.8302558 0.684 0 P 0
L 0.831 0.41 0.839 0.41 0 P 0
L 0.835 0.406 0.835 0.414 0 P 0
L 0.866 1.76 0.874 1.76 0 P 0
L 0.87 1.756 0.87 1.764 0 P 0
L 0.8734999 0.65 0.8814999 0.65 0 P 0
L 0.874 1.375 0.882 1.375 0 P 0
L 0.8774999 0.646 0.8774999 0.654 0 P 0
L 0.878 1.371 0.878 1.379 0 P 0
L 0.886 1.51 0.894 1.51 0 P 0
L 0.89 0.23 0.94 0.23 0 P 0
L 0.89 1.506 0.89 1.514 0 P 0
L 0.911 1.695 0.919 1.695 0 P 0
L 0.915 0.205 0.915 0.255 0 P 0
L 0.915 1.691 0.915 1.699 0 P 0
L 0.921 0.943 0.929 0.943 0 P 0
L 0.921 1.058 0.929 1.058 0 P 0
L 0.921 1.564 0.929 1.564 0 P 0
L 0.925 0.939 0.925 0.947 0 P 0
L 0.925 1.054 0.925 1.062 0 P 0
L 0.925 1.56 0.925 1.568 0 P 0
L 0.946 1.925 0.954 1.925 0 P 0
L 0.95 1.921 0.95 1.929 0 P 0
L 0.956 1.76 0.964 1.76 0 P 0
L 0.96 1.756 0.96 1.764 0 P 0
L 0.986 0.455 0.994 0.455 0 P 0
L 0.99 0.451 0.99 0.459 0 P 0
L 0.996 0.23 1.004 0.23 0 P 0
L 1 0.226 1 0.234 0 P 0
L 1.015 2.6 1.065 2.6 0 P 0
L 1.0200686 1.5634646 1.0280686 1.5634646 0 P 0
L 1.021 1.4965354 1.029 1.4965354 0 P 0
L 1.021 1.7234646 1.029 1.7234646 0 P 0
L 1.0240686 1.5594646 1.0240686 1.5674646 0 P 0
L 1.025 1.4925354 1.025 1.5005354 0 P 0
L 1.025 1.7194646 1.025 1.7274646 0 P 0
L 1.036 2.4 1.044 2.4 0 P 0
L 1.036 2.53 1.044 2.53 0 P 0
L 1.04 2.396 1.04 2.404 0 P 0
L 1.04 2.526 1.04 2.534 0 P 0
L 1.04 2.575 1.04 2.625 0 P 0
L 1.053 2.127 1.061 2.127 0 P 0
L 1.056 0.34 1.064 0.34 0 P 0
L 1.057 2.123 1.057 2.131 0 P 0
L 1.06 0.336 1.06 0.344 0 P 0
L 1.096 1.405 1.104 1.405 0 P 0
L 1.1 1.401 1.1 1.409 0 P 0
L 1.11 0.705 1.118 0.705 0 P 0
L 1.114 0.701 1.114 0.709 0 P 0
L 1.115 2.6 1.165 2.6 0 P 0
L 1.126 1.87 1.134 1.87 0 P 0
L 1.127 2.305 1.135 2.305 0 P 0
L 1.13 1.866 1.13 1.874 0 P 0
L 1.131 2.301 1.131 2.309 0 P 0
L 1.136 2.51 1.144 2.51 0 P 0
L 1.1363779 2.2196849 1.1442519 2.2196849 0 P 0
L 1.136378 2.1803148 1.144252 2.1803148 0 P 0
L 1.14 2.506 1.14 2.514 0 P 0
L 1.14 2.575 1.14 2.625 0 P 0
L 1.1403149 2.2157479 1.1403149 2.2236219 0 P 0
L 1.140315 2.1763778 1.140315 2.1842518 0 P 0
L 1.156063 2.2 1.163937 2.2 0 P 0
L 1.16 2.196063 1.16 2.203937 0 P 0
L 1.175748 2.219685 1.183622 2.219685 0 P 0
L 1.1757481 2.1803149 1.1836221 2.1803149 0 P 0
L 1.179685 2.215748 1.179685 2.223622 0 P 0
L 1.1796851 2.1763779 1.1796851 2.1842519 0 P 0
L 1.186 1.058 1.194 1.058 0 P 0
L 1.187 0.943 1.195 0.943 0 P 0
L 1.19 1.054 1.19 1.062 0 P 0
L 1.191 0.939 1.191 0.947 0 P 0
L 1.196 1.563 1.204 1.563 0 P 0
L 1.196 1.656 1.204 1.656 0 P 0
L 1.2 1.559 1.2 1.567 0 P 0
L 1.2 1.652 1.2 1.66 0 P 0
L 1.204 1.345 1.212 1.345 0 P 0
L 1.208 1.341 1.208 1.349 0 P 0
L 1.215 2.6 1.265 2.6 0 P 0
L 1.216 0.365 1.224 0.365 0 P 0
L 1.22 0.361 1.22 0.369 0 P 0
L 1.24 2.575 1.24 2.625 0 P 0
L 1.286 2.18 1.294 2.18 0 P 0
L 1.29 2.176 1.29 2.184 0 P 0
L 1.316 2.15 1.324 2.15 0 P 0
L 1.316 2.403 1.324 2.403 0 P 0
L 1.316 2.51 1.324 2.51 0 P 0
L 1.316 2.6 1.324 2.6 0 P 0
L 1.32 2.146 1.32 2.154 0 P 0
L 1.32 2.399 1.32 2.407 0 P 0
L 1.32 2.506 1.32 2.514 0 P 0
L 1.32 2.596 1.32 2.604 0 P 0
L 1.326 2.04 1.334 2.04 0 P 0
L 1.33 2.036 1.33 2.044 0 P 0
L 1.351 0.398 1.359 0.398 0 P 0
L 1.355 0.394 1.355 0.402 0 P 0
L 1.364 0.953 1.372 0.953 0 P 0
L 1.364 1.047 1.372 1.047 0 P 0
L 1.364 1.095 1.372 1.095 0 P 0
L 1.368 0.949 1.368 0.957 0 P 0
L 1.368 1.043 1.368 1.051 0 P 0
L 1.368 1.091 1.368 1.099 0 P 0
L 1.386 0.65 1.394 0.65 0 P 0
L 1.39 0.646 1.39 0.654 0 P 0
L 1.396 2.23 1.404 2.23 0 P 0
L 1.4 2.226 1.4 2.234 0 P 0
L 1.406 2.51 1.414 2.51 0 P 0
L 1.406 2.6 1.414 2.6 0 P 0
L 1.41 2.506 1.41 2.514 0 P 0
L 1.41 2.596 1.41 2.604 0 P 0
L 1.426 1.64 1.434 1.64 0 P 0
L 1.43 1.636 1.43 1.644 0 P 0
L 1.436 0.65 1.444 0.65 0 P 0
L 1.436 0.7 1.444 0.7 0 P 0
L 1.436 0.8 1.444 0.8 0 P 0
L 1.436 0.9 1.444 0.9 0 P 0
L 1.436 1.71 1.444 1.71 0 P 0
L 1.436 1.76 1.444 1.76 0 P 0
L 1.44 0.646 1.44 0.654 0 P 0
L 1.44 0.696 1.44 0.704 0 P 0
L 1.44 0.796 1.44 0.804 0 P 0
L 1.44 0.896 1.44 0.904 0 P 0
L 1.44 1.706 1.44 1.714 0 P 0
L 1.44 1.756 1.44 1.764 0 P 0
L 1.466 1.83 1.474 1.83 0 P 0
L 1.47 1.826 1.47 1.834 0 P 0
L 1.471 1.292 1.479 1.292 0 P 0
L 1.472496 1.103504 1.480496 1.103504 0 P 0
L 1.475 1.288 1.475 1.296 0 P 0
L 1.476496 1.099504 1.476496 1.107504 0 P 0
L 1.4972 0.7 1.5228 0.7 0 P 0
L 1.4972 0.75 1.5228 0.75 0 P 0
L 1.4972 0.8 1.5228 0.8 0 P 0
L 1.4972 0.85 1.5228 0.85 0 P 0
L 1.4972 0.9 1.5228 0.9 0 P 0
L 1.506 1.76 1.514 1.76 0 P 0
L 1.51 0.6872 1.51 0.7128 0 P 0
L 1.51 0.7372 1.51 0.7628 0 P 0
L 1.51 0.7872 1.51 0.8128 0 P 0
L 1.51 0.8372 1.51 0.8628 0 P 0
L 1.51 0.8872 1.51 0.9128 0 P 0
L 1.51 1.756 1.51 1.764 0 P 0
L 1.5472 0.7 1.5728 0.7 0 P 0
L 1.5472 0.75 1.5728 0.75 0 P 0
L 1.5472 0.8 1.5728 0.8 0 P 0
L 1.5472 0.85 1.5728 0.85 0 P 0
L 1.5472 0.9 1.5728 0.9 0 P 0
L 1.56 0.6872 1.56 0.7128 0 P 0
L 1.56 0.7372 1.56 0.7628 0 P 0
L 1.56 0.7872 1.56 0.8128 0 P 0
L 1.56 0.8372 1.56 0.8628 0 P 0
L 1.56 0.8872 1.56 0.9128 0 P 0
L 1.576 1.64 1.584 1.64 0 P 0
L 1.58 1.636 1.58 1.644 0 P 0
L 1.621 0.8 1.629 0.8 0 P 0
L 1.621 0.85 1.629 0.85 0 P 0
L 1.625 0.796 1.625 0.804 0 P 0
L 1.625 0.846 1.625 0.854 0 P 0
L 1.6444095 1.79 1.6522835 1.79 0 P 0
L 1.6483465 1.786063 1.6483465 1.793937 0 P 0
L 1.6758425 1.7 1.6838425 1.7 0 P 0
L 1.6798425 1.696 1.6798425 1.704 0 P 0
L 1.6877165 1.79 1.6955905 1.79 0 P 0
L 1.6916535 1.786063 1.6916535 1.793937 0 P 0
L 1.706 1.955 1.714 1.955 0 P 0
L 1.71 1.951 1.71 1.959 0 P 0
L 1.741 1.645 1.749 1.645 0 P 0
L 1.745 1.641 1.745 1.649 0 P 0
L 1.766 1.25 1.774 1.25 0 P 0
L 1.77 1.246 1.77 1.254 0 P 0
L 1.806 1.88 1.814 1.88 0 P 0
L 1.806 2.6 1.814 2.6 0 P 0
L 1.81 1.876 1.81 1.884 0 P 0
L 1.81 2.596 1.81 2.604 0 P 0
L 1.816 1.72 1.824 1.72 0 P 0
L 1.816 1.77 1.824 1.77 0 P 0
L 1.82 1.716 1.82 1.724 0 P 0
L 1.82 1.766 1.82 1.774 0 P 0
L 1.846 0.9 1.854 0.9 0 P 0
L 1.846 0.985 1.854 0.985 0 P 0
L 1.846 1.06 1.854 1.06 0 P 0
L 1.846 1.35 1.854 1.35 0 P 0
L 1.85 0.896 1.85 0.904 0 P 0
L 1.85 0.981 1.85 0.989 0 P 0
L 1.85 1.056 1.85 1.064 0 P 0
L 1.85 1.346 1.85 1.354 0 P 0
L 1.866 1.72 1.874 1.72 0 P 0
L 1.866 1.77 1.874 1.77 0 P 0
L 1.87 1.716 1.87 1.724 0 P 0
L 1.87 1.766 1.87 1.774 0 P 0
L 1.881 2.36 1.889 2.36 0 P 0
L 1.885 2.356 1.885 2.364 0 P 0
L 1.912 2.677 1.92 2.677 0 P 0
L 1.916 2.673 1.916 2.681 0 P 0
L 1.936 1.645 1.944 1.645 0 P 0
L 1.94 1.641 1.94 1.649 0 P 0
L 1.959622 2.675622 1.967622 2.675622 0 P 0
L 1.961 2.295 1.969 2.295 0 P 0
L 1.963622 2.671622 1.963622 2.679622 0 P 0
L 1.965 2.291 1.965 2.299 0 P 0
L 1.966 1.72 1.974 1.72 0 P 0
L 1.966 1.77 1.974 1.77 0 P 0
L 1.97 1.716 1.97 1.724 0 P 0
L 1.97 1.766 1.97 1.774 0 P 0
L 1.971 0.6 1.979 0.6 0 P 0
L 1.975 0.596 1.975 0.604 0 P 0
L 2.001 0.56 2.009 0.56 0 P 0
L 2.005 0.556 2.005 0.564 0 P 0
L 2.016 1.72 2.024 1.72 0 P 0
L 2.016 1.77 2.024 1.77 0 P 0
L 2.02 1.716 2.02 1.724 0 P 0
L 2.02 1.766 2.02 1.774 0 P 0
L 2.036 0.52 2.044 0.52 0 P 0
L 2.04 0.516 2.04 0.524 0 P 0
L 2.046 1.25 2.054 1.25 0 P 0
L 2.046 1.35 2.054 1.35 0 P 0
L 2.05 1.246 2.05 1.254 0 P 0
L 2.05 1.346 2.05 1.354 0 P 0
L 2.2833819 2.58 2.2913819 2.58 0 P 0
L 2.2873819 2.576 2.2873819 2.584 0 P 0
L 2.346 1.65 2.354 1.65 0 P 0
L 2.35 1.646 2.35 1.654 0 P 0
L 2.369996 2.58 2.377996 2.58 0 P 0
L 2.373996 2.576 2.373996 2.584 0 P 0
L 2.466 1.05 2.474 1.05 0 P 0
L 2.466 1.15 2.474 1.15 0 P 0
L 2.466 1.55 2.474 1.55 0 P 0
L 2.466 1.65 2.474 1.65 0 P 0
L 2.47 1.046 2.47 1.054 0 P 0
L 2.47 1.146 2.47 1.154 0 P 0
L 2.47 1.546 2.47 1.554 0 P 0
L 2.47 1.646 2.47 1.654 0 P 0
L 2.525 0.55 2.575 0.55 0 P 0
L 2.525 0.65 2.575 0.65 0 P 0
L 2.525 0.75 2.575 0.75 0 P 0
L 2.525 0.85 2.575 0.85 0 P 0
L 2.525 1.05 2.575 1.05 0 P 0
L 2.525 1.15 2.575 1.15 0 P 0
L 2.525 1.25 2.575 1.25 0 P 0
L 2.525 1.35 2.575 1.35 0 P 0
L 2.525 1.55 2.575 1.55 0 P 0
L 2.525 1.65 2.575 1.65 0 P 0
L 2.525 1.75 2.575 1.75 0 P 0
L 2.525 1.85 2.575 1.85 0 P 0
L 2.55 0.525 2.55 0.575 0 P 0
L 2.55 0.625 2.55 0.675 0 P 0
L 2.55 0.725 2.55 0.775 0 P 0
L 2.55 0.825 2.55 0.875 0 P 0
L 2.55 1.025 2.55 1.075 0 P 0
L 2.55 1.125 2.55 1.175 0 P 0
L 2.55 1.225 2.55 1.275 0 P 0
L 2.55 1.325 2.55 1.375 0 P 0
L 2.55 1.525 2.55 1.575 0 P 0
L 2.55 1.625 2.55 1.675 0 P 0
L 2.55 1.725 2.55 1.775 0 P 0
L 2.55 1.825 2.55 1.875 0 P 0
L 2.556 2.58 2.564 2.58 0 P 0
L 2.56 2.576 2.56 2.584 0 P 0
L 2.6168504 0.085 2.7231496 0.085 0 P 0
L 2.6168504 2.67 2.7231496 2.67 0 P 0
L 2.67 0.0318504 2.67 0.1381496 0 P 0
L 2.67 2.6168504 2.67 2.7231496 0 P 0
